image_width: 640
image_height: 480
camera_name: /nao_camera/image_raw
camera_matrix:
  rows: 3
  cols: 3
  data: [866.89959, 0, 298.89661, 0, 858.4112699999999, 197.89565, 0, 0, 1]
distortion_model: plumb_bob
distortion_coefficients:
  rows: 1
  cols: 5
  data: [-0.25655, 0, 0, 0, 0]
rectification_matrix:
  rows: 3
  cols: 3
  data: [1, 0, 0, 0, 1, 0, 0, 0, 1]
projection_matrix:
  rows: 3
  cols: 4
  data: [866.89959, 0, 298.89661, 0, 0, 858.4112699999999, 197.89565, 0, 0, 0, 1, 0]