# oST version 5.0 parameters


[image]

width
640

height
480

[narrow_stereo]

camera matrix
767.225825 0.000000 332.557280
0.000000 768.281075 211.854250
0.000000 0.000000 1.000000

distortion
0.262785 -0.994194 0.001014 0.002283 0.000000

rectification
1.000000 0.000000 0.000000
0.000000 1.000000 0.000000
0.000000 0.000000 1.000000

projection
777.893677 0.000000 333.269805 0.000000
0.000000 780.505981 211.653242 0.000000
0.000000 0.000000 1.000000 0.000000

